T11 = [ 0.11125344783068+(-0.00000000018099i),...
 0.02526201680303+(-0.00412817951292i),...
 0.01059479732066+( 0.01403325702995i);
 0.02526201680303+( 0.00412817951292i),...
 0.03297361359000+(-0.00000000000155i),...
-0.00319405156188+( 0.00178114348091i);
 0.01059479732066+(-0.01403325702995i),...
-0.00319405156188+(-0.00178114348091i),...
 0.04293313249946+(-0.00000000008780i)];

T22 = [ 0.05522741004825+(-0.00000000006437i),...
 0.02078095264733+(-0.00769158359617i),...
 0.00544500024989+( 0.01658215560019i);
 0.02078095264733+( 0.00769158359617i),...
 0.03232889622450+(-0.00000000003522i),...
-0.01914153434336+( 0.01093007344753i);
 0.00544500024989+(-0.01658215560019i),...
-0.01914153434336+(-0.01093007344753i),...
 0.05367964878678+(-0.00000000021012i)];

O12 = [-0.03827713057399+(-0.00802975799888i),...
-0.00916439015418+( 0.01382129918784i),...
-0.01425696909428+(-0.02187623456120i);
 0.00018918141723+(-0.00369903258979i),...
-0.00478378683329+(-0.00077919225441i),...
 0.00344648794271+(-0.00650553731248i);
 0.00599965499714+( 0.00683541735634i),...
 0.02328373119235+( 0.00070179766044i),...
-0.02673937939107+( 0.00627863500267i)];

