T11 = [ 0.06580664217472+( 0.00000000003333i),...
 0.02501495741308+(-0.00825385097414i),...
-0.00777072506025+(-0.01152274571359i);
 0.02501495741308+( 0.00825385097414i),...
 0.02846132405102+( 0.00000000008450i),...
-0.00097336672479+(-0.00230599776842i);
-0.00777072506025+( 0.01152274571359i),...
-0.00097336672479+( 0.00230599776842i),...
 0.03644520416856+(-0.00000000018537i)];

T22 = [ 0.07094305753708+(-0.00000000016750i),...
 0.02966010384262+(-0.00430087186396i),...
-0.00441128062084+(-0.00861980579793i);
 0.02966010384262+( 0.00430087186396i),...
 0.02934059128165+(-0.00000000005581i),...
-0.00002704876715+(-0.00343426200561i);
-0.00441128062084+( 0.00861980579793i),...
-0.00002704876715+( 0.00343426200561i),...
 0.02433885820210+( 0.00000000004508i)];

O12 = [ 0.04306988790631+( 0.02033859677613i),...
 0.01888038590550+( 0.00278278999031i),...
-0.00439937273040+(-0.00018465345784i);
 0.01775720901787+( 0.01697351410985i),...
 0.02007749676704+( 0.01288233790547i),...
-0.00174213328864+(-0.00399036426097i);
-0.00807998981327+( 0.01066916342825i),...
 0.00389890791848+( 0.00452839815989i),...
 0.01624005660415+( 0.01511461194605i)];

