T11 = [ 0.00621247943491+( 0.00000000000537i),...
-0.00175090820994+(-0.00002210843013i),...
-0.00022261423874+(-0.00049342168495i);
-0.00175090820994+( 0.00002210843013i),...
 0.00096713233506+( 0.00000000000493i),...
 0.00000511348480+( 0.00021702339291i);
-0.00022261423874+( 0.00049342168495i),...
 0.00000511348480+(-0.00021702339291i),...
 0.00030330941081+( 0.00000000000024i)];

T22 = [ 0.00719180470333+( 0.00000000000009i),...
-0.00157363153994+(-0.00025328915217i),...
-0.00033263021032+(-0.00013901639613i);
-0.00157363153994+( 0.00025328915217i),...
 0.00059712008806+(-0.00000000000144i),...
 0.00006025232142+( 0.00011234571139i);
-0.00033263021032+( 0.00013901639613i),...
 0.00006025232142+(-0.00011234571139i),...
 0.00028371540247+(-0.00000000000034i)];

O12 = [-0.00145098101348+(-0.00600822316483i),...
 0.00001356929533+( 0.00130360072944i),...
-0.00009889415378+( 0.00026455358602i);
 0.00036812905455+( 0.00191263493616i),...
 0.00000887494298+(-0.00056460889755i),...
 0.00007158312656+(-0.00004212231943i);
 0.00054557004478+( 0.00016940454952i),...
-0.00017042135005+(-0.00004274888124i),...
-0.00003961052425+(-0.00024750729790i)];

