T11 = [ 0.07520470023155+(-0.00000000011076i),...
 0.01898878253996+(-0.00036946946057i),...
 0.00631680618972+( 0.00349619798362i);
 0.01898878253996+( 0.00036946946057i),...
 0.03633180260658+( 0.00000000002506i),...
 0.00362519966438+(-0.00252446276136i);
 0.00631680618972+(-0.00349619798362i),...
 0.00362519966438+( 0.00252446276136i),...
 0.04131187126040+(-0.00000000003458i)];

T22 = [ 0.06633702665567+(-0.00000000019221i),...
 0.01927401684225+( 0.00121941568796i),...
 0.00101328315213+( 0.00724149821326i);
 0.01927401684225+(-0.00121941568796i),...
 0.04584501683712+( 0.00000000000959i),...
-0.00583618460223+(-0.00017175012908i);
 0.00101328315213+(-0.00724149821326i),...
-0.00583618460223+( 0.00017175012908i),...
 0.04304984956980+(-0.00000000001164i)];

O12 = [-0.01759375445545+(-0.00319982087240i),...
 0.00376871414483+( 0.00319195422344i),...
-0.00690050050616+(-0.00553006026894i);
 0.00122577627189+(-0.00906059052795i),...
-0.00715581048280+(-0.00304939714260i),...
-0.00568119343370+( 0.00154135224875i);
-0.00135600648355+( 0.00364926643670i),...
 0.00259305001236+(-0.00462424568832i),...
-0.01500047277659+( 0.00295352074318i)];

