T11 = [ 0.05847998335958+(-0.00000000003436i),...
 0.02322549000382+( 0.00412032753229i),...
-0.00373708992265+(-0.00653817877173i);
 0.02322549000382+(-0.00412032753229i),...
 0.03677463904023+(-0.00000000000372i),...
 0.00064645201201+(-0.00277991150506i);
-0.00373708992265+( 0.00653817877173i),...
 0.00064645201201+( 0.00277991150506i),...
 0.02596748620272+(-0.00000000002635i)];

T22 = [ 0.05689823627472+(-0.00000000001034i),...
 0.02104423381388+( 0.00422748271376i),...
-0.00340018770657+( 0.00145383051131i);
 0.02104423381388+(-0.00422748271376i),...
 0.03230445459485+(-0.00000000002282i),...
-0.00061244174140+( 0.00046341505367i);
-0.00340018770657+(-0.00145383051131i),...
-0.00061244174140+(-0.00046341505367i),...
 0.03185206279159+(-0.00000000002684i)];

O12 = [ 0.02365791425109+( 0.03072485886514i),...
 0.00852214731276+( 0.01354217156768i),...
 0.00096822343767+(-0.00140193325933i);
 0.01268068421632+( 0.00936379563063i),...
 0.01849138364196+( 0.01861595176160i),...
 0.00019080555649+(-0.00004700790305i);
-0.00330265238881+(-0.00118652079254i),...
-0.00166627962608+( 0.00078822940122i),...
 0.01114138867706+( 0.01753164269030i)];

