T11 = [ 0.00461201276630+(-0.00000000000149i),...
-0.00121999322437+(-0.00020051324100i),...
-0.00010835241119+( 0.00001290845194i);
-0.00121999322437+( 0.00020051324100i),...
 0.00069064012496+(-0.00000000000109i),...
 0.00000574397563+( 0.00002744111407i);
-0.00010835241119+(-0.00001290845194i),...
 0.00000574397563+(-0.00002744111407i),...
 0.00022589406581+( 0.00000000000014i)];

T22 = [ 0.00485837087035+( 0.00000000000683i),...
-0.00125283969101+(-0.00030751191662i),...
-0.00009799317922+( 0.00005511795825i);
-0.00125283969101+( 0.00030751191662i),...
 0.00066914735362+(-0.00000000000106i),...
 0.00004883525980+( 0.00000748841831i);
-0.00009799317922+(-0.00005511795825i),...
 0.00004883525980+(-0.00000748841831i),...
 0.00017573496734+(-0.00000000000013i)];

O12 = [-0.00083149119746+(-0.00428445264697i),...
-0.00008218960284+( 0.00121315126307i),...
 0.00003744803689+( 0.00009183696238i);
 0.00042975076940+( 0.00121857784688i),...
-0.00007899091725+(-0.00046811986249i),...
 0.00000958684814+(-0.00001304708439i);
 0.00002865687748+( 0.00013157747162i),...
 0.00001201693522+(-0.00002855285311i),...
-0.00003784502042+(-0.00012307320139i)];

